000000000110000000010011010000010010011001110110
000000000010000000010011010000010000011000000011
000000000010000000010011010000010100011000000010
000000000010000000010011010000010101011000000100
000000000000000101010011010000010101000000000100
000000000000000000010011010000010101000000000010
000000000000111010010011010001010010000000000100
000000000000111010011111010001010010000000001000
000000000000111010011111010001110010000000010000
000000000000111000011111010001110010000000000010
000000000000100000011111010001110010000000000010
000000000000000000011111010001110010000000000100
000000000001010000011111010001110010000000010111
000000000001000000011111010001110010000000000010
000000000000000000011111010001110010000000000001
000000000000000000010111010000110010000000000001
100000000000000000000000000000000000000000000000
100000000000000000000000000000000000000000000000
000000000000000000000000000000000000000000000000
000000000000000000000000000000000000000000000000
000000000000000000000000000000000000000000000000
000000000000000000000000000000000000000000000000
000000000000000000000000000000000000000000000000
